["F", ("11+", (1,1), (1,2), (2,1)), ("120x", (1,3), (2,2), (2,3)),
("3+", (1,4), (2,4)), ("3", (1,5)), ("2-", (1,6), (2,6)),
("11+", (2,5), (3,5)), ("3+", (3,1), (3,2)), ("15x", (3,3), (4,3)),
("1-", (3,4), (4,4)), ("6", (3,3)), ("72x", (4,1), (4,2), (5,1)),
("8x", (4,5), (4,6)), ("3+", (5,2), (5,3)), ("13+", (5,4), (6,4), (6,5)),
("9+", (5,6), (6,6)), ("2/", (6,1), (6,2)), ("1", (6,3)) ]\n

["M", ("8+", (1,1), (1,2)), ("15x", (1,3), (2,3)), ("2-", (1,4), (2,4)),
("3+", (1,5), (2,5)), ("4+", (1,6), (2,6)), ("6x", (2,1), (2,2)),
("1-", (3,1), (4,1)), ("2-", (3,2), (3,3)), ("2/", (3,4), (4,4)),
("10x", (3,5), (4,5)), ("2-", (4,2), (5,2)), ("3+", (4,3), (4,6)),
("5-", (5,1), (5,3)), ("6x", (5,4), (6,4)), ("2/", (5,5), (6,5)),
("1", (6,1), (6,2)), ("3/", (6,3), (6,6))]\n

["D", ("30x", (1,1), (1,2), (1,3)), ("2-", (1,4), (2,4)),
("3-", (1,5), (2,5)), ("8x", (1,6), (2,6)),
("24x", (2,1), (2,2), (3,2)), ("5-", (2,3), (3,3)),
("2-", (3,1), (4,1)), ("3/", (3,4), (4,4)),
("2-", (3,5), (3,6)), ("7+", (4,2), (4,3)),
("3/", (4,5), (5,5)), ("120x", (5,1), (5,2), (6,1)),
("6x", (5,3), (5,4)), ("6x", (6,2), (6,3)),
("5-", (6,4), (6,6)), ("1", (6,5))]\n



